price=[0.53720000
0.59810000
0.55690000
0.57780000
0.50590000
0.53340000
0.51620000
0.52860000
0.54160000
0.51340000
0.52190000
0.51460000
0.47890000
0.45660000
0.46460000
0.48200000
0.56980000
0.62680000
0.55160000
0.58710000
0.56000000
0.56650000
0.56740000
0.60910000
0.61410000
0.64080000
0.63230000
0.57440000
0.55400000
0.49040000
0.46440000
0.48310000
0.53480000
0.47620000
0.48720000
0.45490000
0.48480000
0.49150000
0.48130000
0.45940000
0.48000000
0.49810000
0.49840000
0.48990000
0.48560000
0.46940000
0.46620000
0.45990000
0.44870000
0.45590000
0.45610000
0.46950000
0.45710000
0.46230000
0.47760000
0.46610000
0.47800000
0.46240000
0.43470000
0.41710000
0.43830000
0.44160000
0.44210000
0.45780000
0.44780000
0.49040000
0.51520000
0.49100000
0.49930000
0.48280000
0.51700000
0.51200000
0.47520000
0.46770000
0.51110000
0.51300000
0.52180000
0.52630000
0.51610000
0.51240000
0.49630000
0.50050000
0.49970000
0.51740000
0.51120000
0.52760000
0.53710000
0.51290000
0.53740000
0.53030000
0.54020000
0.55930000
0.56950000
0.54990000
0.55700000
0.53840000
0.51190000
0.45000000
0.45080000
0.46260000
0.46150000
0.46580000
0.45780000
0.46450000
0.43160000
0.44990000
0.42930000
0.45040000
0.45310000
0.44620000
0.45750000
0.45430000
0.48030000
0.50350000
0.49840000
0.46250000
0.47870000
0.47900000
0.50220000
0.51210000
0.50980000
0.50120000
0.46350000
0.48090000
0.46620000
0.47460000
0.48590000
0.44770000
0.45270000
0.44220000
0.43890000
0.45840000
0.46180000
0.45110000
0.44640000
0.44730000
0.44110000
0.43610000
0.43810000
0.43470000
0.43000000
0.41940000
0.42760000
0.43550000
0.43090000
0.42880000
0.42400000
0.42190000
0.42300000
0.40120000
0.39080000
0.38140000
0.37680000
0.36670000
0.36410000
0.37030000
0.37230000
0.36240000
0.34970000
0.34020000
0.34920000
0.35130000
0.36210000
0.35730000
0.40000000
0.40300000
0.38840000
0.40440000
0.42000000
0.40560000
0.40550000
0.40110000
0.38560000
0.38950000
0.42160000
0.42640000
0.40210000
0.40410000
0.37220000
0.31750000
0.36870000
0.35560000
0.33970000
0.32980000
0.33230000
0.33730000
0.33200000
0.32500000
0.32600000
0.32800000
0.31200000
0.30460000
0.31260000
0.31850000
0.31630000
0.31460000
0.31380000
0.31260000
0.30660000
0.30920000
0.31870000
0.31450000
0.31910000
0.31960000
0.32210000
0.31930000
0.31830000
0.31020000
0.31450000
0.31180000
0.31260000
0.30740000
0.30690000
0.31420000
0.30790000
0.30030000
0.26320000
0.26720000
0.26590000
0.25290000
0.25870000
0.25340000
0.25660000
0.25940000
0.25920000
0.25910000
0.26520000
0.26030000
0.24820000
0.24400000
0.24580000
0.24580000
0.24990000
0.25380000
0.25290000
0.26780000
0.26920000
0.27860000
0.27680000
0.29740000
0.31680000
0.32220000
0.32300000
0.32930000
0.34560000
0.35250000
0.35070000
0.35040000
0.34550000
0.32640000
0.33790000
0.36520000
0.36870000
0.37640000
0.37500000
0.35870000
0.37320000
0.37960000
0.38980000
0.38190000
0.39750000
0.37250000
0.39020000
0.39700000
0.39810000
0.40380000
0.39940000
0.39230000
0.38230000
0.39890000
0.39420000
0.36220000
0.35810000
0.36840000
0.36410000
0.35930000
0.38670000
0.41900000
0.38740000
0.40330000
0.40600000
0.39950000
0.40380000
0.39250000
0.38880000
0.38240000
0.36580000
0.36200000
0.36910000
0.36470000
0.35170000
0.36010000
0.35040000
0.34310000
0.33660000
0.33700000
0.33050000
0.33060000
0.31750000
0.31010000
0.31490000
0.30510000
0.32980000
0.34330000
0.34290000
0.32410000
0.32490000
0.34940000
0.33710000
0.34480000
0.33210000
0.36960000
0.35960000
0.37150000
0.35960000
0.35140000
0.35570000
0.34550000
0.36810000
0.38110000
0.37610000
0.39890000
0.39190000
0.38150000
0.38720000
0.38940000
0.39230000
0.38290000
0.38350000
0.38530000
0.38940000
0.39710000
0.40140000
0.40470000
0.42510000
0.43810000
0.45220000
0.45130000
0.43410000
0.44350000
0.41630000
0.40070000
0.38240000
0.39560000
0.38860000
0.38350000
0.39450000
0.40140000
0.41010000
0.40430000
0.40240000
0.39560000
0.38680000
0.39160000
0.39400000
0.38730000
0.39420000
0.37870000
0.37600000
0.36530000
0.36330000
0.36930000
0.35980000
0.37050000
0.36460000
0.37110000
0.36690000
0.36820000
0.37550000
0.37140000
0.36810000
0.36620000
0.36020000
0.36790000
0.37040000
0.36380000
0.35810000
0.36260000
0.36670000
0.38280000
0.37860000
0.37790000
0.37440000
0.36440000
0.37820000
0.37590000
0.37730000
0.35140000
0.35310000
0.32230000
0.32280000
0.29510000
0.27470000
0.27200000
0.27480000
0.27520000
0.26330000
0.26200000
0.26320000
0.26670000
0.26100000
0.26340000
0.27050000
0.28620000
0.28990000
0.29660000
0.28920000
0.29210000
0.28050000
0.28670000
0.26690000
0.27520000
0.28690000
0.29240000
0.29160000
0.29670000
0.29240000
0.28390000
0.27840000
0.28440000
0.29070000
0.28440000
0.28780000
0.29270000
0.28900000
0.35670000
0.32770000
0.32600000
0.31460000
0.31180000
0.30950000
0.32260000
0.31610000
0.31270000
0.31000000
0.31710000
0.30530000
0.30370000
0.30690000
0.30770000
0.30990000
0.31300000
0.31560000
0.30700000
0.31030000
0.29930000
0.29220000
0.29350000
0.29380000
0.29230000
0.29100000
0.29740000
0.30130000
0.29650000
0.29330000
0.29190000
0.28940000
0.29060000
0.28200000
0.27470000
0.25530000
0.26400000
0.26880000
0.27030000
0.26280000
0.25880000
0.26810000
0.26590000
0.26120000
0.26100000
0.26340000
0.26760000
0.27260000
0.26540000
0.25540000
0.25510000
0.25620000
0.25590000
0.25610000
0.25780000
0.25770000
0.25790000
0.25440000
0.25330000
0.24900000
0.24210000
0.24550000
0.24870000
0.25130000
0.25050000
0.25030000
0.24710000
0.25160000
0.25480000
0.25170000
0.24490000
0.24490000
0.24610000
0.24270000
0.24590000
0.24550000
0.24460000
0.24890000
0.24940000
0.25400000
0.26590000
0.25910000
0.26100000
0.25890000
0.26020000
0.26460000
0.25870000
0.25630000
0.25130000
0.24900000
0.24810000
0.24600000
0.24580000
0.24700000
0.24730000
0.25130000
0.24630000
0.24300000
0.24690000
0.25120000
0.25860000
0.26390000
0.28070000
0.27920000
0.28080000
0.28720000
0.28930000
0.29090000
0.29540000
0.30310000
0.29300000
0.30710000
0.32300000
0.32920000
0.32780000
0.34190000
0.36240000
0.35120000
0.35770000
0.36840000
0.38590000
0.38440000
0.38340000
0.35680000
0.35790000
0.37880000
0.37060000
0.36710000
0.37720000
0.38400000
0.38040000
0.35660000
0.38050000
0.38730000
0.38620000
0.39410000
0.38730000
0.37770000
0.38580000
0.38160000
0.37590000
0.38440000
0.39760000
0.39490000
0.40680000
0.42570000
0.44290000
0.45550000
0.54540000
0.57910000
0.59480000
0.55070000
0.57840000
0.66750000
0.64330000
0.60040000
0.60780000
0.58040000
0.60210000
0.57610000
0.58940000
0.63510000
0.62260000
0.61300000
0.59190000
0.62420000
0.60870000
0.63340000
0.61580000
0.60830000
0.60110000
0.59400000
0.62320000
0.60500000
0.55690000
0.56990000
0.54140000
0.52270000
0.49450000
0.54120000
0.51240000
0.56600000
0.58200000
0.54760000
0.54910000
0.52510000
0.52760000
0.53560000
0.52820000
0.50260000
0.50440000
0.51600000
0.50320000
0.47860000
0.47730000
0.47650000
0.46660000
0.48490000
0.48620000
0.49030000
0.52600000
0.51360000
0.49760000
0.50780000
0.51460000
0.51240000
0.49340000
0.49440000
0.49830000
0.50220000
0.53040000
0.54070000
0.55150000
0.54140000
0.55920000
0.54490000
0.57680000
0.60870000
0.59860000
0.60960000
0.61930000
0.63080000
0.62160000
0.59880000
0.58580000
0.58240000
0.59690000
0.59140000
0.61910000
0.62390000
0.62870000
0.65470000
0.71950000
0.74160000
0.72790000
0.77010000
0.69230000
0.73490000
0.74270000
0.72280000
0.74160000
0.71660000
0.77540000
0.74810000
0.76380000
0.75090000
0.72740000
0.65910000
0.68140000
0.66030000
0.58640000
0.63960000
0.63180000
0.61470000
0.62320000
0.64680000
0.65670000
0.66500000
0.64780000
0.65110000
0.66430000
0.64360000
0.65010000
0.62120000
0.58070000
0.56930000
0.58310000
0.57410000
0.58360000
0.58920000
0.61370000
0.59120000
0.58620000
0.58580000
0.50270000
0.44490000
0.46730000
0.46100000
0.45830000
0.44400000
0.45800000
0.46820000
0.50720000
0.49930000
0.51670000
0.50000000
0.47460000
0.47050000
0.46310000
0.46750000
0.46030000
0.45710000
0.44120000
0.45010000
0.45780000
0.46730000
0.46330000
0.45800000
0.45410000
0.44140000
0.45180000
