price=[52.43000000
58.83000000
53.79000000
57.02000000
49.93000000
52.20000000
49.43000000
50.31000000
52.48000000
49.17000000
49.67000000
47.98000000
43.44000000
41.17000000
44.25000000
44.98000000
47.22000000
45.77000000
40.11000000
40.85000000
38.28000000
39.00000000
38.52000000
42.39000000
39.31000000
38.83000000
39.96000000
37.17000000
33.93000000
30.61000000
28.60000000
29.59000000
34.76000000
30.12000000
30.71000000
32.02000000
34.19000000
35.24000000
36.42000000
34.12000000
38.15000000
41.91000000
42.22000000
39.39000000
38.52000000
35.35000000
34.05000000
33.76000000
32.84000000
33.36000000
33.39000000
36.71000000
35.40000000
37.04000000
38.46000000
38.12000000
38.06000000
36.71000000
33.42000000
32.68000000
34.94000000
37.15000000
37.36000000
39.58000000
38.62000000
43.52000000
44.87000000
42.04000000
43.11000000
40.54000000
39.97000000
40.93000000
36.65000000
36.25000000
40.23000000
42.91000000
41.91000000
43.84000000
42.35000000
41.65000000
39.79000000
38.54000000
38.83000000
40.55000000
40.07000000
40.60000000
42.18000000
40.33000000
42.47000000
42.77000000
45.48000000
46.60000000
44.87000000
43.72000000
43.08000000
40.54000000
39.52000000
35.81000000
35.28000000
36.47000000
35.41000000
35.68000000
34.89000000
35.27000000
31.72000000
31.53000000
30.44000000
32.42000000
31.47000000
31.50000000
31.61000000
31.23000000
31.12000000
32.16000000
32.18000000
30.88000000
32.69000000
33.61000000
34.67000000
35.03000000
34.99000000
37.44000000
33.00000000
34.12000000
33.07000000
32.25000000
33.68000000
31.10000000
32.62000000
31.41000000
30.65000000
32.43000000
33.66000000
33.38000000
32.34000000
33.88000000
32.69000000
33.22000000
33.93000000
33.25000000
32.44000000
32.06000000
32.89000000
34.09000000
34.04000000
33.36000000
32.98000000
32.58000000
32.92000000
31.96000000
30.80000000
31.16000000
30.49000000
30.00000000
29.59000000
30.17000000
31.21000000
30.15000000
28.86000000
28.01000000
28.10000000
28.01000000
29.28000000
28.30000000
30.86000000
31.29000000
30.58000000
32.07000000
32.87000000
32.94000000
32.56000000
32.20000000
30.80000000
30.85000000
33.74000000
36.90000000
32.62000000
29.62000000
24.38000000
14.08000000
17.66000000
16.45000000
14.58000000
13.18000000
14.00000000
14.32000000
14.27000000
13.65000000
13.27000000
12.84000000
12.27000000
11.83000000
12.44000000
14.36000000
14.59000000
14.03000000
14.17000000
14.12000000
13.32000000
13.34000000
14.16000000
13.51000000
13.71000000
13.29000000
13.71000000
13.82000000
14.30000000
13.49000000
13.69000000
13.59000000
13.58000000
13.42000000
13.31000000
13.89000000
14.12000000
14.04000000
12.25000000
12.51000000
12.38000000
11.94000000
12.26000000
12.14000000
11.82000000
11.78000000
11.45000000
11.38000000
11.32000000
11.09000000
9.76000000
9.64000000
9.90000000
9.97000000
9.99000000
11.28000000
13.37000000
13.43000000
13.43000000
13.50000000
13.10000000
14.45000000
16.25000000
16.20000000
16.36000000
16.59000000
18.29000000
24.24000000
22.89000000
23.58000000
22.86000000
20.79000000
21.40000000
25.51000000
24.57000000
24.21000000
24.33000000
22.78000000
24.52000000
24.33000000
24.43000000
24.00000000
26.07000000
23.96000000
23.92000000
25.00000000
24.32000000
24.69000000
24.34000000
23.47000000
22.66000000
23.82000000
23.22000000
20.48000000
20.11000000
20.81000000
21.49000000
20.77000000
21.84000000
23.86000000
22.24000000
23.14000000
23.45000000
24.84000000
26.26000000
24.98000000
24.16000000
23.91000000
23.07000000
22.37000000
23.25000000
22.68000000
21.89000000
22.51000000
22.00000000
21.42000000
20.98000000
20.97000000
20.63000000
20.25000000
18.41000000
17.33000000
18.17000000
18.07000000
20.20000000
20.40000000
20.86000000
19.24000000
19.67000000
21.60000000
21.20000000
21.86000000
22.13000000
22.53000000
21.42000000
22.16000000
20.66000000
20.41000000
20.94000000
19.91000000
20.45000000
21.10000000
20.55000000
21.16000000
21.08000000
20.52000000
20.45000000
20.92000000
20.97000000
20.62000000
20.44000000
20.04000000
20.28000000
20.89000000
22.98000000
23.80000000
24.43000000
24.71000000
24.05000000
25.34000000
24.58000000
24.82000000
22.66000000
22.20000000
21.25000000
21.79000000
21.47000000
21.38000000
21.93000000
21.28000000
22.33000000
23.34000000
23.19000000
22.74000000
21.96000000
22.25000000
22.24000000
21.74000000
22.82000000
21.91000000
21.66000000
20.62000000
20.65000000
20.91000000
20.17000000
20.90000000
20.84000000
20.93000000
20.99000000
20.67000000
21.06000000
20.34000000
20.36000000
20.28000000
19.61000000
19.53000000
20.02000000
19.22000000
19.25000000
19.35000000
20.43000000
20.81000000
20.57000000
21.25000000
20.81000000
20.49000000
21.26000000
21.19000000
21.82000000
20.00000000
20.38000000
18.64000000
18.89000000
17.40000000
15.61000000
15.55000000
15.19000000
15.04000000
14.48000000
14.77000000
15.31000000
15.64000000
15.45000000
16.10000000
16.64000000
17.23000000
16.62000000
17.13000000
16.64000000
16.96000000
16.27000000
16.63000000
15.97000000
17.99000000
18.86000000
18.70000000
19.45000000
19.26000000
19.13000000
19.00000000
19.61000000
21.50000000
21.81000000
21.32000000
21.30000000
22.07000000
21.94000000
26.01000000
26.67000000
27.46000000
27.42000000
26.80000000
25.54000000
26.31000000
25.38000000
25.50000000
24.52000000
24.76000000
23.37000000
23.27000000
25.17000000
25.10000000
24.82000000
25.17000000
24.25000000
23.73000000
24.05000000
23.15000000
22.65000000
22.80000000
22.65000000
23.20000000
23.12000000
24.22000000
24.38000000
24.62000000
24.62000000
24.91000000
24.23000000
25.18000000
23.90000000
22.82000000
21.66000000
21.34000000
21.90000000
21.77000000
21.20000000
20.59000000
21.74000000
21.06000000
20.42000000
20.29000000
20.79000000
20.56000000
21.79000000
20.82000000
19.74000000
19.33000000
19.50000000
19.57000000
19.52000000
20.26000000
19.64000000
19.92000000
19.61000000
19.44000000
18.24000000
17.72000000
17.92000000
18.40000000
18.85000000
19.14000000
19.12000000
18.81000000
19.64000000
20.03000000
20.29000000
19.46000000
19.43000000
19.49000000
19.36000000
19.39000000
19.03000000
19.14000000
19.96000000
20.28000000
21.37000000
23.87000000
23.37000000
23.60000000
23.13000000
22.70000000
23.41000000
23.30000000
23.22000000
22.10000000
22.11000000
22.01000000
21.28000000
21.84000000
22.00000000
21.93000000
23.95000000
23.93000000
23.42000000
24.93000000
27.03000000
29.32000000
29.05000000
31.88000000
30.17000000
32.44000000
32.77000000
31.73000000
31.63000000
32.83000000
34.94000000
38.40000000
41.15000000
40.23000000
39.45000000
42.41000000
41.15000000
42.16000000
42.93000000
43.13000000
45.29000000
56.67000000
56.34000000
56.28000000
51.60000000
56.81000000
65.43000000
57.80000000
58.51000000
58.56000000
61.10000000
56.57000000
51.65000000
57.56000000
56.51000000
56.86000000
58.82000000
57.57000000
55.06000000
58.18000000
59.31000000
59.30000000
59.75000000
63.66000000
62.98000000
61.64000000
61.03000000
61.85000000
67.74000000
74.94000000
72.30000000
74.87000000
70.25000000
68.60000000
70.62000000
75.68000000
72.51000000
73.72000000
70.87000000
74.42000000
73.00000000
82.21000000
93.84000000
97.90000000
107.88000000
112.45000000
120.91000000
112.49000000
106.91000000
101.80000000
106.17000000
101.90000000
101.72000000
109.91000000
106.73000000
98.52000000
104.91000000
99.94000000
93.77000000
89.44000000
97.88000000
99.36000000
102.00000000
99.90000000
92.12000000
95.85000000
93.81000000
94.36000000
97.61000000
102.10000000
94.40000000
93.62000000
92.88000000
91.09000000
83.84000000
84.35000000
88.77000000
86.91000000
92.28000000
94.28000000
95.98000000
101.68000000
101.40000000
96.96000000
97.81000000
100.58000000
97.96000000
95.49000000
95.66000000
96.88000000
101.14000000
102.76000000
106.94000000
109.01000000
107.46000000
111.64000000
112.48000000
116.97000000
113.50000000
110.33000000
108.92000000
112.24000000
111.53000000
108.31000000
105.03000000
101.76000000
99.90000000
104.01000000
103.47000000
109.90000000
108.36000000
119.03000000
125.68000000
129.43000000
130.02000000
130.16000000
133.27000000
125.31000000
