data1=[246.20000000
245.80000000
246.20000000
244.50000000
243.20000000
244.30000000
246.70000000
244.50000000
246.30000000
245.80000000
246.30000000
244.40000000
245.20000000
246.10000000
258.90000000
256.70000000
259.90000000
261.30000000
274.90000000
272.60000000
277.10000000
284.80000000
287.70000000
293.70000000
305.10000000
302.20000000
299.00000000
299.40000000
286.70000000
294.60000000
305.10000000
299.00000000
303.00000000
305.10000000
300.30000000
306.90000000
304.70000000
308.00000000
306.10000000
317.20000000
307.20000000
312.00000000
317.00000000
323.50000000
332.20000000
330.40000000
327.80000000
324.30000000
333.00000000
328.20000000
306.20000000
305.80000000
310.40000000
312.60000000
294.30000000
296.20000000
317.40000000
304.40000000
313.00000000
316.50000000
311.50000000
315.40000000
311.50000000
312.40000000
308.30000000
302.30000000
302.40000000
308.70000000
304.60000000
301.40000000
302.70000000
299.80000000
290.40000000
289.60000000
288.70000000
287.80000000
289.30000000
287.10000000
277.10000000
277.40000000
276.00000000
288.10000000
307.90000000
308.40000000
306.30000000
329.40000000
338.90000000
331.00000000
336.70000000
332.50000000
334.40000000
321.10000000
329.40000000
322.10000000
322.40000000
328.60000000
310.60000000
313.20000000
313.70000000
316.40000000
316.90000000
314.90000000
313.70000000
308.80000000
310.80000000
313.90000000
312.30000000
310.30000000
310.50000000
312.80000000
318.50000000
322.30000000
319.90000000
324.70000000
328.90000000
333.00000000
347.70000000
340.00000000
343.10000000
322.40000000
318.10000000
321.20000000
332.20000000
330.70000000
331.20000000
338.40000000
330.60000000
330.90000000
324.10000000
321.90000000
337.50000000
328.50000000
321.50000000
325.90000000
323.80000000
326.50000000
321.90000000
321.00000000
313.80000000
312.10000000
314.30000000
307.50000000
308.50000000
310.70000000
312.10000000
313.40000000
311.40000000
314.30000000
309.30000000
308.90000000
310.60000000
306.40000000
309.00000000
313.50000000
306.00000000
304.50000000
306.80000000
307.40000000
314.10000000
311.60000000
311.50000000
306.80000000
304.90000000
307.20000000
306.60000000
305.00000000
276.90000000
281.20000000
259.30000000
262.00000000
260.50000000
238.70000000
235.40000000
231.30000000
244.20000000
237.90000000
236.40000000
239.30000000
244.50000000
244.10000000
243.10000000
247.70000000
248.80000000
240.80000000
244.30000000
236.40000000
238.80000000
236.10000000
237.50000000
230.60000000
233.10000000
240.30000000
247.90000000
246.50000000
246.50000000
242.50000000
238.90000000
232.20000000
235.60000000
236.30000000
234.10000000
246.20000000
248.60000000
243.90000000
256.10000000
248.10000000
251.10000000
242.30000000
244.10000000
240.20000000
240.80000000
242.80000000
243.70000000
241.10000000
242.50000000
238.90000000
237.70000000
239.00000000
240.60000000
241.90000000
242.40000000
242.50000000
241.00000000
247.70000000
240.70000000
241.10000000
241.70000000
243.20000000
243.20000000
242.10000000
245.20000000
243.80000000
241.50000000
239.70000000
240.30000000
240.20000000
240.40000000
236.70000000
232.00000000
218.10000000
216.10000000
216.80000000
216.50000000
210.40000000
210.90000000
216.60000000
219.00000000
218.40000000
216.50000000
218.40000000
218.80000000
226.90000000
223.80000000
216.70000000
213.70000000
214.40000000
214.40000000
215.20000000
214.60000000
215.20000000
217.10000000
214.70000000
214.10000000
212.40000000
206.10000000
210.70000000
212.50000000
212.20000000
214.10000000
214.90000000
216.50000000
216.00000000
217.20000000
214.40000000
210.80000000
211.10000000
210.50000000
208.30000000
209.90000000
212.60000000
212.00000000
215.00000000
215.20000000
214.60000000
218.20000000
214.60000000
213.50000000
213.40000000
210.60000000
213.40000000
212.30000000
211.40000000
205.80000000
208.60000000
206.60000000
205.10000000
206.10000000
206.50000000
209.70000000
214.60000000
211.40000000
210.20000000
211.20000000
212.10000000
214.20000000
217.80000000
228.50000000
225.20000000
222.10000000
223.20000000
224.10000000
225.70000000
227.10000000
228.00000000
226.20000000
227.90000000
231.90000000
230.20000000
237.10000000
244.00000000
255.10000000
246.20000000
246.70000000
251.60000000
251.00000000
251.50000000
247.40000000
241.10000000
242.30000000
253.70000000
242.70000000
244.90000000
244.80000000
246.40000000
253.10000000
225.50000000
236.10000000
233.80000000
232.70000000
234.40000000
231.70000000
227.20000000
229.60000000
227.30000000
227.60000000
228.50000000
229.00000000
228.10000000
233.50000000
231.20000000
229.40000000
232.60000000
238.90000000
237.70000000
239.80000000
246.40000000
254.60000000
252.00000000
253.30000000
244.90000000
244.40000000
238.80000000
241.70000000
252.90000000
257.50000000
];