data1=[16824.67000000
16821.43000000
16778.50000000
16836.12000000
16832.11000000
16919.39000000
16706.36000000
16547.31000000
16633.47000000
16607.48000000
16542.40000000
16616.75000000
16672.87000000
16675.18000000
16850.36000000
16831.85000000
16950.65000000
16943.57000000
17127.83000000
17178.26000000
17440.66000000
17943.26000000
18846.62000000
19930.01000000
20954.92000000
20871.50000000
21185.65000000
21134.81000000
20677.47000000
21071.59000000
22667.21000000
22783.55000000
22707.88000000
22916.45000000
22632.89000000
23060.94000000
23009.65000000
23074.16000000
23022.60000000
23742.30000000
22826.15000000
23125.13000000
23732.66000000
23488.94000000
23431.90000000
23326.84000000
22932.91000000
22762.52000000
23240.46000000
22963.00000000
21796.35000000
21625.19000000
21862.55000000
21783.54000000
21773.97000000
22199.84000000
24324.05000000
23517.72000000
24569.97000000
24631.95000000
24271.76000000
24842.20000000
24452.16000000
24182.21000000
23940.20000000
23185.29000000
23157.07000000
23554.85000000
23492.09000000
23141.57000000
23628.97000000
23465.32000000
22354.34000000
22346.57000000
22430.24000000
22410.00000000
22197.96000000
21705.44000000
20362.22000000
20150.69000000
20455.73000000
21997.11000000
24113.48000000
24670.41000000
24285.66000000
24998.78000000
27395.13000000
26907.49000000
27972.87000000
27717.01000000
28105.47000000
27250.97000000
28295.41000000
27454.47000000
27462.95000000
27968.05000000
27124.91000000
27261.07000000
28348.60000000
28028.53000000
28465.36000000
28452.73000000
28171.87000000
27800.00000000
28165.47000000
28170.01000000
28033.82000000
27906.33000000
27938.38000000
28323.76000000
29637.34000000
30200.42000000
29888.07000000
30373.84000000
30466.93000000
30295.09000000
30304.65000000
29430.27000000
30380.01000000
28797.10000000
28243.65000000
27262.84000000
27816.85000000
27590.60000000
27510.93000000
28300.79000000
28415.29000000
29472.77000000
29311.70000000
29230.45000000
29233.21000000
28068.26000000
28669.86000000
29026.16000000
28838.16000000
29505.61000000
28848.20000000
28430.10000000
27668.79000000
27628.27000000
27598.75000000
26968.62000000
26795.01000000
26775.28000000
26917.62000000
27162.14000000
27033.84000000
27405.61000000
26821.28000000
26880.26000000
27102.43000000
26747.78000000
26849.27000000
27219.61000000
26329.01000000
26473.79000000
26705.92000000
26854.27000000
28065.00000000
27736.40000000
27694.40000000
27210.35000000
26817.93000000
27242.59000000
27069.22000000
27115.21000000
25728.20000000
27230.08000000
26339.34000000
26498.61000000
26477.81000000
25841.21000000
25925.55000000
25905.19000000
25934.25000000
25128.60000000
25598.49000000
26345.00000000
26516.99000000
26339.97000000
26844.35000000
28307.99000000
29993.89000000
29884.92000000
30688.50000000
30527.43000000
30462.66000000
30267.99000000
30692.44000000
30077.41000000
30447.31000000
30472.00000000
30585.90000000
30617.03000000
31156.20000000
30766.51000000
30504.81000000
29895.43000000
30344.70000000
30284.63000000
30160.71000000
30411.57000000
30622.10000000
30380.00000000
31454.23000000
30312.01000000
30289.52000000
30231.99000000
30138.00000000
29859.13000000
29909.21000000
29800.00000000
29901.72000000
29794.00000000
30083.75000000
29176.50000000
29228.91000000
29351.96000000
29222.78000000
29314.14000000
29352.90000000
29281.09000000
29232.25000000
29705.99000000
29186.01000000
29193.64000000
29113.99000000
29072.13000000
29088.42000000
29211.06000000
29770.42000000
29581.99000000
29455.75000000
29426.03000000
29430.17000000
29303.84000000
29430.93000000
29200.00000000
28730.51000000
26623.41000000
26054.00000000
26100.01000000
26189.99000000
26126.92000000
26056.00000000
26432.72000000
26180.05000000
26060.01000000
26017.37000000
26101.77000000
26120.00000000
27716.34000000
27299.99000000
25940.78000000
25805.05000000
25869.51000000
25971.21000000
25826.02000000
25792.10000000
25759.95000000
26255.00000000
25910.50000000
25901.61000000
25841.61000000
25162.52000000
25840.10000000
26222.00000000
26522.73000000
26600.00000000
26559.67000000
26527.51000000
26762.51000000
27210.26000000
27125.00000000
26568.08000000
26580.14000000
26575.96000000
26248.38000000
26304.81000000
26221.67000000
26372.99000000
27021.39000000
26906.96000000
26962.56000000
27992.57000000
27494.51000000
27426.46000000
27778.57000000
27410.39000000
27931.09000000
27956.67000000
27917.05000000
27590.12000000
27390.12000000
26875.52000000
26759.63000000
26862.00000000
26852.48000000
27154.15000000
28500.78000000
28395.91000000
28320.00000000
28713.71000000
29669.04000000
29909.80000000
29992.46000000
33069.99000000
33922.73000000
34496.05000000
34151.66000000
33892.02000000
34081.00000000
34525.89000000
34474.73000000
34639.77000000
35421.43000000
34941.59000000
34716.78000000
35062.07000000
35011.88000000
35046.09000000
35399.12000000
35624.72000000
36701.09000000
37301.63000000
37130.00000000
37064.13000000
36462.93000000
35551.19000000
37858.20000000
36163.51000000
36613.92000000
36568.10000000
37359.86000000
37448.78000000
35741.65000000
37408.34000000
37294.28000000
37713.57000000
37780.67000000
37447.43000000
37242.70000000
37818.87000000
37854.64000000
37723.96000000
38682.52000000
39450.35000000
39972.26000000
41991.10000000
44073.32000000
43762.69000000
43273.14000000
44170.99000000
43713.60000000
43789.51000000
41253.40000000
41492.39000000
42869.03000000
43022.26000000
41940.30000000
42278.03000000
41374.65000000
42657.80000000
42275.99000000
42864.94000000
];