data1=[1213.78000000
1217.71000000
1219.99000000
1220.41000000
1218.51000000
1228.11000000
1211.55000000
1190.15000000
1200.49000000
1199.99000000
1196.13000000
1200.34000000
1214.00000000
1214.55000000
1256.90000000
1251.24000000
1269.14000000
1264.07000000
1290.16000000
1320.39000000
1335.62000000
1389.39000000
1415.92000000
1451.20000000
1549.90000000
1552.52000000
1576.94000000
1565.57000000
1511.43000000
1551.09000000
1658.52000000
1626.66000000
1627.44000000
1626.29000000
1555.97000000
1611.94000000
1601.09000000
1597.62000000
1572.10000000
1644.72000000
1566.20000000
1585.33000000
1641.68000000
1643.12000000
1663.52000000
1666.38000000
1629.02000000
1614.29000000
1671.03000000
1650.43000000
1545.35000000
1513.06000000
1538.51000000
1514.83000000
1505.24000000
1555.71000000
1674.92000000
1637.84000000
1693.87000000
1691.62000000
1679.75000000
1703.27000000
1659.76000000
1643.14000000
1650.53000000
1607.80000000
1594.58000000
1641.36000000
1633.45000000
1605.23000000
1665.22000000
1647.86000000
1569.45000000
1566.73000000
1564.58000000
1565.84000000
1561.96000000
1532.38000000
1437.32000000
1426.44000000
1471.97000000
1580.33000000
1673.45000000
1699.40000000
1649.96000000
1673.73000000
1789.27000000
1758.84000000
1780.68000000
1732.78000000
1801.23000000
1734.33000000
1813.79000000
1749.57000000
1741.88000000
1773.88000000
1715.22000000
1772.99000000
1793.07000000
1793.61000000
1821.52000000
1820.79000000
1794.51000000
1810.51000000
1870.37000000
1908.69000000
1872.41000000
1863.72000000
1848.82000000
1858.92000000
1910.20000000
1889.86000000
1917.39000000
2012.01000000
2099.99000000
2090.60000000
2118.67000000
2074.00000000
2103.50000000
1933.73000000
1942.98000000
1848.78000000
1874.16000000
1862.00000000
1841.84000000
1866.10000000
1866.01000000
1908.68000000
1890.94000000
1907.80000000
1870.09000000
1830.73000000
1870.08000000
1905.12000000
1877.07000000
1993.30000000
1896.33000000
1870.40000000
1847.56000000
1846.52000000
1840.84000000
1794.30000000
1807.45000000
1795.11000000
1799.21000000
1816.20000000
1824.21000000
1822.12000000
1800.56000000
1812.32000000
1819.42000000
1804.91000000
1817.35000000
1854.05000000
1799.89000000
1805.60000000
1827.79000000
1829.89000000
1908.64000000
1892.60000000
1900.59000000
1873.63000000
1861.78000000
1906.68000000
1892.06000000
1890.01000000
1810.50000000
1884.64000000
1832.13000000
1845.64000000
1840.37000000
1751.53000000
1752.76000000
1742.57000000
1740.12000000
1650.95000000
1666.96000000
1717.92000000
1727.76000000
1720.95000000
1737.11000000
1791.99000000
1889.11000000
1872.01000000
1892.63000000
1874.96000000
1898.80000000
1858.97000000
1889.58000000
1828.02000000
1851.99000000
1933.79000000
1924.50000000
1937.48000000
1955.54000000
1936.20000000
1910.36000000
1846.17000000
1870.91000000
1865.24000000
1862.80000000
1880.40000000
1878.30000000
1871.82000000
2004.49000000
1937.83000000
1931.41000000
1922.11000000
1911.20000000
1897.21000000
1888.63000000
1891.59000000
1891.73000000
1866.52000000
1888.73000000
1850.00000000
1857.66000000
1872.00000000
1861.28000000
1874.19000000
1880.46000000
1861.79000000
1856.14000000
1873.47000000
1839.90000000
1835.81000000
1830.23000000
1836.48000000
1830.28000000
1829.10000000
1856.30000000
1855.35000000
1852.47000000
1848.84000000
1849.93000000
1840.73000000
1845.50000000
1828.98000000
1807.81000000
1681.49000000
1661.59000000
1669.67000000
1685.24000000
1667.55000000
1634.99000000
1679.61000000
1661.16000000
1653.80000000
1647.04000000
1658.33000000
1653.08000000
1729.42000000
1705.23000000
1645.76000000
1629.12000000
1637.03000000
1635.84000000
1630.51000000
1634.45000000
1633.15000000
1648.11000000
1636.44000000
1635.54000000
1617.42000000
1551.85000000
1592.97000000
1607.62000000
1626.47000000
1641.29000000
1634.40000000
1622.48000000
1636.66000000
1643.12000000
1622.26000000
1583.94000000
1593.08000000
1593.86000000
1580.71000000
1588.33000000
1594.01000000
1598.64000000
1652.99000000
1667.45000000
1670.89000000
1733.79000000
1662.40000000
1656.88000000
1646.58000000
1611.79000000
1645.03000000
1633.57000000
1632.84000000
1580.13000000
1567.63000000
1566.87000000
1539.61000000
1552.16000000
1554.94000000
1557.77000000
1599.42000000
1565.01000000
1563.44000000
1566.57000000
1603.89000000
1628.94000000
1663.70000000
1765.46000000
1784.98000000
1787.15000000
1803.38000000
1779.40000000
1776.20000000
1795.14000000
1809.04000000
1814.67000000
1846.99000000
1800.80000000
1832.71000000
1855.54000000
1891.71000000
1900.95000000
1885.27000000
1888.12000000
2121.32000000
2077.72000000
2053.17000000
2044.68000000
2053.65000000
1979.39000000
2058.48000000
1961.77000000
1960.82000000
1962.60000000
2011.47000000
2021.40000000
1933.01000000
2063.21000000
2062.20000000
2080.84000000
2083.09000000
2062.33000000
2027.50000000
2048.14000000
2028.81000000
2051.96000000
2087.24000000
2164.74000000
2192.95000000
2243.37000000
2293.33000000
2232.70000000
2355.73000000
2358.72000000
2340.49000000
2352.39000000
2225.12000000
2203.46000000
2260.16000000
2315.32000000
2220.50000000
2228.96000000
2196.52000000
2219.43000000
2177.91000000
2213.41000000
];