data1=[0.34490000
0.34920000
0.35430000
0.35170000
0.34570000
0.36580000
0.36750000
0.35580000
0.34210000
0.34510000
0.33890000
0.33870000
0.34820000
0.34360000
0.34720000
0.33800000
0.34430000
0.34420000
0.34520000
0.34900000
0.35070000
0.37280000
0.37480000
0.38580000
0.39530000
0.38450000
0.38550000
0.38680000
0.37820000
0.39280000
0.41290000
0.40340000
0.40040000
0.42340000
0.40780000
0.41700000
0.40920000
0.41280000
0.40780000
0.41340000
0.39340000
0.40570000
0.41310000
0.40980000
0.41170000
0.41060000
0.39840000
0.39200000
0.40360000
0.39750000
0.38190000
0.38170000
0.38330000
0.37470000
0.37030000
0.38190000
0.40110000
0.38410000
0.39500000
0.39430000
0.38630000
0.39840000
0.39190000
0.39530000
0.38820000
0.37830000
0.37780000
0.37790000
0.37850000
0.37620000
0.38350000
0.37720000
0.37740000
0.37350000
0.36680000
0.36950000
0.38010000
0.38890000
0.37060000
0.37000000
0.36380000
0.37140000
0.37240000
0.37240000
0.35890000
0.36470000
0.37980000
0.37390000
0.38570000
0.37340000
0.46960000
0.42130000
0.44380000
0.42590000
0.44290000
0.44790000
0.47900000
0.51440000
0.54250000
0.53190000
0.53740000
0.50950000
0.51800000
0.49590000
0.50260000
0.50550000
0.50280000
0.51260000
0.50480000
0.50540000
0.51760000
0.51670000
0.50490000
0.51250000
0.52270000
0.51920000
0.52090000
0.51090000
0.53240000
0.49110000
0.47520000
0.44910000
0.47190000
0.46470000
0.46110000
0.46950000
0.46180000
0.46670000
0.47960000
0.47800000
0.47050000
0.46490000
0.46450000
0.46320000
0.46080000
0.46710000
0.45820000
0.44900000
0.42830000
0.42890000
0.43030000
0.42070000
0.43050000
0.42400000
0.42530000
0.42730000
0.44250000
0.44840000
0.45960000
0.46750000
0.46850000
0.45750000
0.46180000
0.46510000
0.45300000
0.45380000
0.46840000
0.47140000
0.48200000
0.49460000
0.52050000
0.51660000
0.50650000
0.52440000
0.51880000
0.53590000
0.50900000
0.53000000
0.51830000
0.52360000
0.53800000
0.50670000
0.52080000
0.52510000
0.51920000
0.48010000
0.48010000
0.47590000
0.47940000
0.48680000
0.49360000
0.49290000
0.49990000
0.49380000
0.49610000
0.48650000
0.49030000
0.47900000
0.48380000
0.46470000
0.47470000
0.47290000
0.47320000
0.48450000
0.48900000
0.48720000
0.47770000
0.46220000
0.46870000
0.47040000
0.46800000
0.47800000
0.47530000
0.47100000
0.81530000
0.71790000
0.71450000
0.74680000
0.73740000
0.77790000
0.81990000
0.79420000
0.77130000
0.73310000
0.73840000
0.70210000
0.70890000
0.71610000
0.71390000
0.71200000
0.71210000
0.70460000
0.69760000
0.70690000
0.68500000
0.66300000
0.63560000
0.62880000
0.62400000
0.62360000
0.64180000
0.64330000
0.63310000
0.63180000
0.62760000
0.62560000
0.63430000
0.61040000
0.58890000
0.50640000
0.50620000
0.51990000
0.53840000
0.52450000
0.52100000
0.53010000
0.51870000
0.52580000
0.52310000
0.52360000
0.52320000
0.53980000
0.52840000
0.51100000
0.49800000
0.49880000
0.50470000
0.50870000
0.50560000
0.50330000
0.50500000
0.50500000
0.50380000
0.49690000
0.47440000
0.48040000
0.48320000
0.48920000
0.50050000
0.49980000
0.49250000
0.50300000
0.51400000
0.52120000
0.50710000
0.51220000
0.50760000
0.50210000
0.50560000
0.50190000
0.49930000
0.50980000
0.52150000
0.51490000
0.52410000
0.51230000
0.53900000
0.53260000
0.52270000
0.52550000
0.52160000
0.51740000
0.50270000
0.49650000
0.48880000
0.48300000
0.48510000
0.48650000
0.48740000
0.49780000
0.49120000
0.48780000
0.51970000
0.51490000
0.52080000
0.52260000
0.54750000
0.55880000
0.55520000
0.55330000
0.54300000
0.54460000
0.55610000
0.57800000
0.59960000
0.60850000
0.60540000
0.61210000
0.61490000
0.66070000
0.71480000
0.68500000
0.68690000
0.66650000
0.65950000
0.66260000
0.66130000
0.67020000
0.62960000
0.64810000
0.61190000
0.61330000
0.61060000
0.62580000
0.61220000
0.57880000
0.61090000
0.62090000
0.62120000
0.62280000
0.61570000
0.60390000
0.61070000
0.60910000
0.60630000
0.61250000
0.62080000
0.62290000
0.62450000
0.62100000
0.64000000
0.64320000
0.67210000
0.65840000
0.66170000
0.61870000
0.61920000
0.62750000
0.63160000
0.61560000
0.62030000
0.61030000
0.61250000
0.60470000
0.61300000
];