data1=[111780.39000000
110787.56000000
110816.32000000
109066.98000000
108297.67000000
107986.14000000
108364.21000000
108198.85000000
108216.02000000
108625.60000000
108166.81000000
107980.02000000
108321.63000000
108229.30000000
107963.13000000
107657.98000000
107555.05000000
108044.96000000
108783.36000000
108947.50000000
108416.50000000
108226.00000000
107778.45000000
108023.33000000
107870.35000000
107696.03000000
107207.98000000
107196.82000000
107567.44000000
107845.30000000
108150.00000000
108410.29000000
108377.96000000
108644.32000000
108940.58000000
110246.94000000
109269.90000000
109505.44000000
109426.99000000
109439.20000000
109253.89000000
109164.94000000
109500.62000000
109594.90000000
109908.28000000
110263.74000000
111241.71000000
110571.66000000
110200.00000000
109524.81000000
109532.97000000
109943.94000000
110078.18000000
110500.28000000
110585.08000000
110570.12000000
110441.46000000
111178.55000000
111261.36000000
111464.36000000
111054.61000000
111097.80000000
111324.51000000
111114.03000000
111066.29000000
111297.01000000
110937.94000000
110219.17000000
110046.91000000
110261.81000000
110235.22000000
110619.39000000
110615.07000000
110893.70000000
111085.57000000
111023.01000000
111004.89000000
110766.60000000
111070.31000000
111025.77000000
111029.99000000
111228.00000000
111386.79000000
111366.42000000
111489.60000000
111763.80000000
111521.47000000
111559.94000000
111563.81000000
111899.03000000
111680.91000000
111591.19000000
111385.18000000
111372.25000000
111374.96000000
111719.98000000
111623.45000000
111431.94000000
111477.76000000
111621.69000000
111646.27000000
111715.98000000
111644.42000000
111448.85000000
111260.46000000
111430.40000000
111615.32000000
111635.95000000
111723.98000000
111776.94000000
112528.83000000
112477.10000000
113286.09000000
113575.05000000
113711.53000000
113575.36000000
113694.97000000
113517.53000000
113442.13000000
113575.15000000
113585.99000000
113320.80000000
113497.06000000
114681.33000000
114559.40000000
114767.29000000
115284.01000000
114883.39000000
114958.51000000
115256.44000000
115556.57000000
116053.49000000
115554.60000000
115014.88000000
115254.01000000
115447.94000000
115362.02000000
115065.67000000
115264.28000000
114810.05000000
114969.68000000
115497.57000000
115706.06000000
115342.19000000
114942.64000000
114455.17000000
114302.70000000
114112.51000000
114107.65000000
113961.67000000
114424.76000000
113936.94000000
113908.24000000
113964.59000000
113605.31000000
114115.52000000
114188.37000000
114427.23000000
114528.60000000
114595.71000000
114357.73000000
114449.55000000
115522.90000000
115068.17000000
114641.38000000
115341.59000000
115290.00000000
115022.80000000
113689.99000000
112808.05000000
112994.40000000
113224.08000000
112898.45000000
112442.88000000
112500.03000000
112666.75000000
112523.49000000
112810.55000000
113039.10000000
113284.20000000
113577.90000000
113070.94000000
112974.44000000
112870.01000000
113132.36000000
113139.13000000
112873.07000000
112488.44000000
111509.74000000
111106.35000000
111883.49000000
110806.38000000
110640.00000000
111433.46000000
111617.26000000
111028.20000000
110021.29000000
110559.48000000
110460.76000000
110985.92000000
110751.47000000
108575.27000000
110248.29000000
110768.01000000
111366.72000000
110714.31000000
110171.69000000
110105.75000000
109717.29000000
108387.86000000
107627.16000000
108285.54000000
107711.56000000
108144.57000000
107486.69000000
106837.09000000
106536.39000000
107510.91000000
107907.68000000
107912.81000000
108322.88000000
109317.21000000
109619.77000000
108857.99000000
109227.86000000
110084.02000000
109899.15000000
109650.00000000
109449.31000000
110062.44000000
109848.39000000
109819.20000000
110415.61000000
109653.19000000
110157.54000000
110790.14000000
110202.90000000
108845.40000000
109299.98000000
109452.35000000
109828.78000000
109493.85000000
109558.48000000
109580.09000000
109608.01000000
109730.78000000
109734.11000000
109790.27000000
110226.37000000
110291.67000000
110140.79000000
110004.82000000
110071.40000000
110248.88000000
109991.29000000
110147.83000000
110137.59000000
110017.27000000
109946.27000000
109933.85000000
110310.65000000
110464.33000000
110208.97000000
110341.27000000
110299.99000000
110406.20000000
109862.85000000
110092.78000000
110098.10000000
109974.09000000
109978.01000000
110015.77000000
110053.23000000
110670.27000000
110497.98000000
110663.89000000
110895.53000000
110850.17000000
110714.00000000
110492.00000000
111196.99000000
110736.24000000
110568.65000000
110422.24000000
110117.48000000
110115.34000000
110190.40000000
110331.00000000
110180.84000000
110086.70000000
109990.90000000
109899.99000000
110540.68000000
109757.11000000
109665.50000000
109033.83000000
107937.45000000
107900.37000000
107606.75000000
107494.23000000
107468.23000000
107586.97000000
107197.94000000
106974.99000000
107787.42000000
107768.90000000
107908.68000000
108059.99000000
105745.71000000
106678.44000000
107481.19000000
106961.62000000
107090.00000000
106657.55000000
106888.71000000
106489.95000000
106583.04000000
106471.45000000
107040.01000000
106482.60000000
107158.79000000
106750.14000000
104215.76000000
104766.14000000
104490.72000000
104051.90000000
103857.96000000
103816.39000000
104584.76000000
103952.54000000
103924.25000000
104500.01000000
103197.01000000
102257.70000000
101114.83000000
101363.98000000
100542.64000000
100755.43000000
100311.46000000
101295.71000000
101497.22000000
100564.30000000
100761.62000000
101677.93000000
102130.00000000
101998.30000000
101824.89000000
102119.99000000
101993.02000000
101699.74000000
101995.29000000
101401.97000000
102070.61000000
102673.35000000
102985.91000000
103202.30000000
103728.30000000
103919.20000000
103904.05000000
104347.40000000
104008.09000000
103831.22000000
103672.37000000
103706.55000000
103885.16000000
103677.72000000
103365.65000000
103321.81000000
103636.03000000
104030.79000000
103143.57000000
103318.75000000
103185.48000000
103200.26000000
102810.01000000
103122.54000000
103227.58000000
102552.38000000
103319.71000000
102125.00000000
102014.48000000
100867.20000000
101804.01000000
101722.13000000
101388.81000000
100914.11000000
101117.17000000
101415.05000000
101346.04000000
101479.78000000
101538.96000000
101905.11000000
101916.29000000
102027.19000000
102447.47000000
101819.10000000
102010.00000000
101496.18000000
101013.66000000
100770.85000000
100411.89000000
99638.28000000
100347.35000000
100806.08000000
100797.95000000
101169.20000000
102397.12000000
102609.46000000
103395.25000000
103783.09000000
103879.23000000
103633.03000000
103339.08000000
102713.15000000
102996.84000000
102846.65000000
102592.76000000
102565.03000000
102304.00000000
102215.62000000
102352.96000000
102431.74000000
102399.46000000
102480.04000000
101857.10000000
102065.14000000
101804.63000000
101827.19000000
101711.45000000
101850.22000000
101994.52000000
102139.53000000
101989.65000000
102068.06000000
102272.81000000
102377.46000000
102312.94000000
101797.74000000
102045.07000000
101633.25000000
101662.05000000
101724.91000000
101928.54000000
101752.83000000
101944.59000000
101972.94000000
101657.46000000
101876.36000000
102239.41000000
102086.90000000
102911.39000000
103037.90000000
103762.17000000
103845.04000000
103637.57000000
104512.65000000
104805.57000000
104633.12000000
104528.82000000
104732.48000000
104722.96000000
106314.96000000
105699.99000000
106006.69000000
106027.97000000
106153.14000000
106100.00000000
106221.88000000
106461.45000000
105965.46000000
106440.00000000
105995.26000000
106176.50000000
105944.17000000
106548.02000000
104898.15000000
105079.99000000
105242.05000000
105953.10000000
105478.00000000
105817.99000000
106010.73000000
105631.27000000
106062.80000000
106011.13000000
106139.83000000
106110.36000000
106655.02000000
106456.00000000
105755.32000000
105249.35000000
105261.27000000
104783.98000000
105157.80000000
104971.63000000
105176.38000000
105311.90000000
104530.83000000
104390.92000000
