data1=[29407.79000000
29214.49000000
29410.54000000
28095.70000000
28685.65000000
29011.21000000
28899.31000000
29583.86000000
28770.21000000
28408.46000000
27670.76000000
27700.49000000
27695.42000000
26958.56000000
26829.16000000
26821.56000000
26968.56000000
27171.17000000
27067.56000000
27411.29000000
26879.18000000
26873.68000000
27088.12000000
26741.93000000
26846.59000000
27245.65000000
26408.40000000
26493.64000000
26744.77000000
26870.35000000
28037.66000000
27790.30000000
27723.19000000
27221.01000000
26832.46000000
27276.04000000
27096.17000000
27141.83000000
25792.15000000
27252.68000000
26357.90000000
26514.42000000
26477.84000000
25943.74000000
26028.51000000
25938.01000000
26017.05000000
25019.37000000
25547.26000000
26465.00000000
26596.81000000
26500.41000000
26733.78000000
28350.00000000
30077.08000000
30032.31000000
30612.75000000
30652.12000000
30422.63000000
30216.04000000
30661.42000000
30052.86000000
30423.19000000
30454.61000000
30663.97000000
30630.51000000
31158.18000000
30751.43000000
30504.19000000
29802.14000000
30338.43000000
30265.55000000
30141.75000000
30387.07000000
30570.65000000
30392.54000000
31487.32000000
30300.64000000
30295.23000000
30230.16000000
30167.44000000
29879.19000000
29906.58000000
29819.64000000
29921.78000000
29814.75000000
30107.33000000
29191.50000000
29197.25000000
29347.15000000
29200.06000000
29300.01000000
29382.54000000
29305.53000000
29188.65000000
29702.10000000
29181.18000000
29181.46000000
29098.04000000
29096.98000000
29054.54000000
29174.57000000
29763.38000000
29573.02000000
29456.88000000
29458.32000000
29438.33000000
29332.13000000
29451.95000000
29180.61000000
28782.60000000
26678.58000000
26083.93000000
26154.96000000
26244.68000000
26154.75000000
26052.88000000
26478.58000000
26177.70000000
26065.02000000
26013.51000000
26107.15000000
26105.49000000
27710.15000000
27322.81000000
25964.65000000
25868.18000000
25867.25000000
25963.39000000
25840.60000000
25805.13000000
25776.64000000
26230.96000000
25903.18000000
25903.43000000
25855.94000000
25111.57000000
25902.00000000
26228.26000000
26563.72000000
26618.85000000
26532.89000000
26484.61000000
26767.15000000
27242.27000000
27110.36000000
26550.96000000
26576.24000000
26559.32000000
26226.91000000
26302.64000000
26274.44000000
26378.59000000
27017.41000000
26920.52000000
26972.48000000
27935.21000000
27555.15000000
27403.24000000
27807.02000000
27396.89000000
27973.94000000
27981.19000000
27913.42000000
27545.33000000
27417.70000000
26874.95000000
26769.73000000
26852.56000000
26873.75000000
27146.89000000
28551.36000000
28407.43000000
28348.85000000
28711.10000000
29651.16000000
29966.74000000
29986.35000000
33111.10000000
33948.61000000
34479.80000000
34188.31000000
33919.95000000
34035.91000000
34558.41000000
34442.29000000
34594.42000000
35379.37000000
34906.44000000
34742.33000000
35133.78000000
35137.16000000
35068.22000000
35434.07000000
35653.52000000
36668.97000000
37324.99000000
37128.85000000
37054.79000000
36408.70000000
35566.24000000
37744.51000000
36205.14000000
36504.97000000
36434.51000000
37150.50000000
37335.15000000
35700.00000000
37383.67000000
37256.71000000
37678.55000000
37757.50000000
37485.50000000
37158.03000000
37717.94000000
37825.42000000
37782.52000000
38645.43000000
39450.85000000
39919.77000000
41920.54000000
43954.37000000
43655.22000000
43292.29000000
44110.91000000
43654.98000000
43638.13000000
41325.90000000
41401.83000000
42840.35000000
42972.33000000
41782.97000000
42193.97000000
41374.57000000
42600.90000000
42200.00000000
43564.14000000
43795.00000000
43924.40000000
43727.13000000
42948.43000000
43594.56000000
42544.13000000
43451.15000000
42674.49000000
42071.84000000
42198.65000000
42240.06000000
44187.05000000
44927.02000000
42799.35000000
44087.73000000
44070.96000000
43941.57000000
43846.70000000
46824.40000000
46085.34000000
46649.51000000
46419.40000000
42825.96000000
42896.30000000
41768.42000000
42541.41000000
43217.81000000
42700.80000000
41343.24000000
41589.29000000
41606.58000000
41512.99000000
39548.90000000
39806.23000000
40047.04000000
39865.89000000
41731.47000000
42010.47000000
41890.66000000
43217.90000000
42863.06000000
42493.85000000
43051.42000000
43120.26000000
42911.14000000
42527.40000000
42589.51000000
43065.10000000
44233.09000000
45226.51000000
47061.38000000
47638.86000000
48102.26000000
49963.41000000
49704.42000000
51732.02000000
51819.55000000
52085.00000000
51597.61000000
52108.36000000
51879.92000000
52306.39000000
51838.60000000
51265.27000000
50645.56000000
51575.58000000
51880.42000000
54439.44000000
56961.50000000
62243.85000000
61093.23000000
62465.37000000
62035.23000000
63094.89000000
68147.31000000
63963.27000000
66219.55000000
67052.87000000
68224.77000000
68340.46000000
68997.09000000
72230.43000000
71467.48000000
72974.23000000
71122.10000000
69184.68000000
65292.95000000
68249.40000000
67509.62000000
61822.88000000
67744.87000000
65574.09000000
63811.90000000
64037.80000000
67282.07000000
69808.42000000
70027.53000000
69419.89000000
70764.72000000
69928.99000000
69526.29000000
71399.70000000
69683.12000000
65363.96000000
66014.30000000
68472.13000000
67805.83000000
68897.05000000
69471.90000000
71649.70000000
69027.41000000
70591.12000000
69926.45000000
67173.54000000
64233.49000000
65588.36000000
63410.50000000
63768.70000000
61233.78000000
63551.22000000
63908.36000000
65024.55000000
65058.80000000
66842.10000000
66453.24000000
64354.21000000
64486.60000000
63966.73000000
63630.00000000
63184.00000000
63794.10000000
60573.58000000
58412.44000000
59189.96000000
62873.83000000
63754.73000000
63968.24000000
63019.21000000
62161.34000000
61211.37000000
63010.06000000
60700.04000000
60801.72000000
61458.56000000
62913.10000000
61570.44000000
66205.15000000
65219.16000000
66943.19000000
66876.71000000
66265.32000000
71365.30000000
70193.28000000
69193.34000000
68019.96000000
68586.13000000
69269.20000000
68584.22000000
69375.38000000
68397.96000000
67571.58000000
68278.43000000
67489.82000000
67775.85000000
67811.59000000
68733.19000000
70532.40000000
71146.23000000
70848.51000000
69330.32000000
69301.47000000
69603.16000000
69486.24000000
67254.01000000
68319.66000000
66752.39000000
66078.24000000
66288.23000000
66752.23000000
66433.16000000
65146.10000000
65090.91000000
64834.68000000
64143.13000000
64263.90000000
63221.68000000
60460.39000000
61930.53000000
60945.17000000
61820.64000000
60534.76000000
61059.29000000
62816.35000000
62874.25000000
62107.68000000
60284.42000000
57007.06000000
56622.24000000
58326.82000000
55833.90000000
56781.43000000
58077.28000000
57793.82000000
57432.50000000
57982.46000000
59272.14000000
60844.14000000
64828.78000000
65047.77000000
64127.23000000
64045.40000000
66608.67000000
67110.14000000
68173.65000000
67481.28000000
65993.81000000
65370.66000000
65747.88000000
67885.57000000
67855.86000000
68231.01000000
66930.74000000
66286.13000000
64758.54000000
65381.31000000
61558.13000000
60689.83000000
58253.21000000
53967.79000000
56035.55000000
55127.24000000
61689.77000000
60830.15000000
60943.59000000
58725.90000000
59319.96000000
60571.11000000
58674.52000000
57504.54000000
58815.37000000
59393.52000000
58381.92000000
59444.41000000
58996.00000000
61131.82000000
60310.00000000
63883.48000000
64031.24000000
64036.55000000
62739.08000000
59312.42000000
58993.40000000
59361.00000000
59046.30000000
58943.39000000
57235.92000000
59045.50000000
57438.61000000
57875.79000000
56091.79000000
53906.89000000
54120.31000000
54810.45000000
56984.25000000
57590.92000000
57271.86000000
58098.07000000
60380.41000000
59938.66000000
59119.52000000
58183.32000000
60281.85000000
61706.70000000
62793.24000000
63124.68000000
63247.00000000
63440.88000000
63226.83000000
64132.99000000
63026.48000000
65047.24000000
65642.35000000
65744.59000000
65447.65000000
63210.65000000
60757.50000000
60576.94000000
60719.71000000
61964.57000000
61982.02000000
62729.39000000
62133.66000000
62025.45000000
60561.59000000
60253.94000000
