data1=[111912.51000000
110877.91000000
110944.97000000
109087.98000000
108355.28000000
108028.58000000
108375.83000000
108270.46000000
108261.29000000
108668.77000000
108197.88000000
108018.98000000
108328.56000000
108228.62000000
107980.40000000
107689.17000000
107543.24000000
108050.93000000
108808.32000000
108854.85000000
108455.01000000
108222.85000000
107820.17000000
108001.19000000
107901.26000000
107672.62000000
107234.03000000
107244.77000000
107611.33000000
107858.48000000
108130.19000000
108368.65000000
108345.95000000
108755.53000000
108994.16000000
110146.57000000
109257.95000000
109488.98000000
109425.75000000
109403.72000000
109258.12000000
109369.47000000
109489.16000000
109570.13000000
109941.05000000
110256.99000000
111065.57000000
110579.32000000
110103.62000000
109529.53000000
109505.73000000
109927.97000000
110057.91000000
110466.23000000
110565.38000000
110534.97000000
110446.66000000
111168.36000000
111263.80000000
111461.69000000
111077.98000000
111073.69000000
111297.81000000
111146.50000000
111034.79000000
111313.29000000
110932.26000000
110203.72000000
110044.76000000
110251.54000000
110224.11000000
110592.18000000
110624.23000000
110877.44000000
111052.59000000
111015.75000000
110989.53000000
110755.86000000
111039.32000000
111022.08000000
111026.27000000
111224.71000000
111363.65000000
111349.97000000
111480.10000000
111787.34000000
111510.51000000
111541.62000000
111585.18000000
111881.53000000
111662.06000000
111600.26000000
111406.93000000
111367.20000000
111331.10000000
111725.77000000
111636.61000000
111390.08000000
111493.28000000
111664.80000000
111623.30000000
111723.58000000
111638.79000000
111429.86000000
111270.22000000
111432.15000000
111625.29000000
111635.33000000
111723.39000000
111781.65000000
112490.18000000
112508.06000000
113283.58000000
113642.00000000
113704.33000000
113587.00000000
113676.19000000
113538.16000000
113445.57000000
113656.73000000
113572.97000000
113340.25000000
113447.90000000
114658.49000000
114543.32000000
114767.03000000
115288.96000000
114918.07000000
114929.19000000
115265.75000000
115569.43000000
116029.63000000
115527.02000000
114997.71000000
115194.66000000
115389.90000000
115341.00000000
115051.20000000
115266.14000000
114749.61000000
114934.57000000
115431.98000000
115684.12000000
115316.51000000
114895.97000000
114544.01000000
114295.09000000
114074.12000000
114119.05000000
113949.00000000
114417.70000000
113966.02000000
113927.76000000
113987.71000000
113626.92000000
114122.52000000
114183.41000000
114432.06000000
114507.38000000
114573.24000000
114339.36000000
114455.98000000
115508.26000000
114997.38000000
114650.33000000
115328.84000000
115267.43000000
114975.90000000
113679.02000000
112838.27000000
112940.24000000
113160.56000000
112915.49000000
112512.53000000
112492.89000000
112665.85000000
112541.50000000
112824.05000000
113089.35000000
113241.43000000
113527.40000000
113056.38000000
112966.37000000
112845.72000000
113124.90000000
113114.96000000
112876.99000000
112446.29000000
111558.77000000
111115.75000000
111835.58000000
110817.27000000
110629.53000000
111401.61000000
111577.96000000
111015.68000000
110055.95000000
110577.73000000
110473.51000000
111003.00000000
110793.18000000
108589.71000000
110287.22000000
110766.45000000
111383.44000000
110743.16000000
110165.37000000
110106.08000000
109759.51000000
108320.80000000
107711.67000000
108328.16000000
107747.14000000
108141.34000000
107510.52000000
106872.76000000
106547.79000000
107547.66000000
107905.76000000
107885.14000000
108336.47000000
109286.29000000
109593.99000000
108818.94000000
109195.33000000
110017.20000000
109829.91000000
109601.08000000
109451.97000000
110049.61000000
109875.49000000
109787.08000000
110409.44000000
109601.53000000
110109.48000000
110777.27000000
110167.98000000
108718.68000000
109283.56000000
109378.03000000
109832.09000000
109457.93000000
109528.93000000
109591.09000000
109584.83000000
109695.93000000
109700.72000000
109773.88000000
110176.37000000
110239.52000000
110081.23000000
109976.79000000
110030.68000000
110230.17000000
109963.32000000
110088.19000000
110086.34000000
109998.46000000
109928.41000000
109904.44000000
110269.56000000
110412.83000000
110178.90000000
110315.51000000
110285.45000000
110373.04000000
109825.84000000
110044.44000000
110061.10000000
109924.11000000
109942.53000000
110000.50000000
110021.63000000
110637.69000000
110470.30000000
110665.13000000
110892.50000000
110820.56000000
110640.94000000
110445.27000000
111049.62000000
110695.40000000
110549.60000000
110352.06000000
110121.90000000
110100.09000000
110146.48000000
110283.30000000
110152.54000000
110078.13000000
109975.77000000
109859.14000000
110509.15000000
109739.27000000
109687.75000000
109019.46000000
107984.99000000
107915.40000000
107552.81000000
107507.78000000
107492.12000000
107569.59000000
107206.99000000
106926.38000000
107770.30000000
107769.25000000
107894.62000000
107990.82000000
105761.56000000
106658.84000000
107433.18000000
106919.00000000
107050.09000000
106621.48000000
106845.99000000
106441.92000000
106562.10000000
106428.02000000
107006.99000000
106447.21000000
107102.77000000
106708.00000000
104298.65000000
104774.84000000
104514.23000000
104069.01000000
103948.91000000
103934.35000000
104621.62000000
104000.58000000
103940.13000000
104489.84000000
103315.84000000
102241.88000000
101122.30000000
101378.26000000
100497.38000000
100724.29000000
100318.07000000
101165.79000000
101442.70000000
100544.72000000
100693.85000000
101678.22000000
102108.50000000
101932.04000000
101827.70000000
102090.26000000
101969.71000000
101766.84000000
101938.64000000
101379.35000000
102033.77000000
102647.36000000
102998.18000000
103164.34000000
103684.56000000
103859.53000000
103826.78000000
104274.19000000
103950.40000000
103793.72000000
103610.96000000
103583.04000000
103807.79000000
103610.03000000
103349.82000000
103321.50000000
103598.64000000
103997.06000000
103043.35000000
103252.66000000
103185.19000000
103122.65000000
102754.70000000
103006.51000000
103166.54000000
102531.19000000
103239.73000000
102061.25000000
101950.79000000
100786.73000000
101763.62000000
101657.57000000
101336.00000000
100855.28000000
101085.18000000
101324.34000000
101289.94000000
101400.88000000
101494.51000000
101853.70000000
101842.02000000
101953.79000000
102391.60000000
101782.99000000
101974.95000000
101434.93000000
100945.70000000
100740.76000000
100342.14000000
99574.47000000
100249.03000000
100687.46000000
100764.99000000
101051.62000000
102271.45000000
102527.15000000
103245.20000000
103621.05000000
103701.72000000
103462.63000000
103161.70000000
102577.81000000
102832.95000000
102677.06000000
102460.94000000
102412.17000000
102111.13000000
102091.76000000
102238.20000000
102307.93000000
102261.91000000
102366.64000000
101744.87000000
101895.68000000
101658.51000000
101670.26000000
101540.82000000
101701.77000000
101839.23000000
101996.92000000
101830.41000000
101923.00000000
102139.17000000
102227.35000000
102171.88000000
101696.86000000
101913.77000000
101511.19000000
101501.30000000
101581.91000000
101775.75000000
101630.93000000
101841.40000000
101856.37000000
101532.77000000
101760.81000000
102122.22000000
101949.64000000
102748.42000000
102855.64000000
103629.67000000
103731.85000000
103494.68000000
104339.80000000
104651.73000000
104493.88000000
104382.73000000
104524.53000000
104577.70000000
106090.69000000
105572.01000000
105898.19000000
105903.79000000
106039.88000000
105941.14000000
106075.38000000
106308.32000000
105802.77000000
106320.07000000
105890.67000000
106115.88000000
105791.11000000
106380.49000000
104683.33000000
104909.21000000
105061.44000000
105724.85000000
105471.52000000
105686.07000000
105911.27000000
105462.81000000
105998.56000000
105859.95000000
106007.60000000
105965.44000000
106505.85000000
106317.23000000
105638.40000000
105149.51000000
105174.40000000
104704.21000000
105044.06000000
104807.88000000
105044.46000000
105162.33000000
104384.92000000
104274.00000000
